# oST version 5.0 parameters


[image]

width
640

height
480

[narrow_stereo]

camera matrix
788.687862 0.000000 271.302064
0.000000 784.903898 260.294871
0.000000 0.000000 1.000000

distortion
-0.166692 0.199972 -0.000674 -0.003485 0.000000

rectification
1.000000 0.000000 0.000000
0.000000 1.000000 0.000000
0.000000 0.000000 1.000000

projection
767.722475 0.000000 267.787003 0.000000
0.000000 771.952679 260.103753 0.000000
0.000000 0.000000 1.000000 0.000000

