# oST version 5.0 parameters


[image]

width
1280

height
720

[narrow_stereo]

camera matrix
466.413627 0.000000 644.233361
0.000000 465.482851 358.583715
0.000000 0.000000 1.000000

distortion
-0.024277 -0.008072 0.000164 -0.000396 0.000000

rectification
1.000000 0.000000 0.000000
0.000000 1.000000 0.000000
0.000000 0.000000 1.000000

projection
419.524079 0.000000 643.812513 0.000000
0.000000 456.392754 358.169549 0.000000
0.000000 0.000000 1.000000 0.000000

